0 0.12109375 0.175 0.1703125 0.12890625
0 0.63203125 0.11328125 0.175 0.14609375
0 0.83359375 0.11015625 0.17890625 0.103125
0 0.86953125 0.22109375 0.20234375 0.103125
0 0.6828125 0.253125 0.1921875 0.1046875
0 0.45703125 0.14375 0.1609375 0.140625
0 0.28671875 0.0921875 0.16640625 0.125
0 0.296875 0.2203125 0.16953125 0.1359375
0 0.49140625 0.28359375 0.1890625 0.11171875
0 0.190625 0.32421875 0.18046875 0.134375
0 0.82421875 0.3484375 0.1953125 0.1265625
0 0.84296875 0.609375 0.16328125 0.14921875
0 0.66484375 0.59765625 0.16484375 0.11484375
0 0.465625 0.596875 0.2046875 0.1078125
0 0.25546875 0.58203125 0.20390625 0.103125
0 0.30703125 0.46796875 0.178125 0.1046875
0 0.48984375 0.4734375 0.16171875 0.1265625
0 0.12109375 0.43671875 0.18515625 0.12734375
0 0.13046875 0.65625 0.18671875 0.121875
0 0.34375 0.7203125 0.16171875 0.13046875
0 0.52890625 0.70703125 0.1953125 0.10625
0 0.69453125 0.4765625 0.16796875 0.11640625
0 0.63203125 0.37109375 0.171875 0.11171875
0 0.1515625 0.78046875 0.2109375 0.125
0 0.7265625 0.7453125 0.18203125 0.1265625
0 0.8640625 0.85625 0.14453125 0.13359375
0 0.5640625 0.81875 0.1734375 0.1265625
0 0.7 0.90859375 0.18203125 0.134375
0 0.471875 0.92109375 0.175 0.11640625
0 0.34765625 0.86015625 0.159375 0.1171875
0 0.1921875 0.90859375 0.18671875 0.12890625
0 0.36875 0.3515625 0.178125 0.1265625
0 0.89140625 0.46484375 0.16328125 0.14375
0 0.88125 0.73359375 0.1703125 0.11875