1 0.53203125 0.60625 0.12109375 0.134375
0 0.4375 0.51875 0.02265625 0.0640625
0 0.58828125 0.359375 0.015625 0.0421875
0 0.559375 0.44375 0.01953125 0.03984375
0 0.66171875 0.42578125 0.015625 0.0421875
0 0.6640625 0.38359375 0.0171875 0.04140625
0 0.55703125 0.86484375 0.01640625 0.0484375
0 0.36015625 0.903125 0.0359375 0.03828125
0 0.553125 0.41640625 0.02578125 0.04296875
0 0.51171875 0.28984375 0.02578125 0.04921875
0 0.5578125 0.3125 0.02421875 0.03984375
0 0.5328125 0.259375 0.01953125 0.05703125
0 0.53359375 0.1859375 0.02265625 0.05625