1 0.409375 0.75625 0.12265625 0.18828125
0 0.5875 0.40234375 0.03046875 0.0453125
0 0.72265625 0.3625 0.03125 0.0375
0 0.61875 0.40703125 0.03046875 0.040625
0 0.67109375 0.60625 0.01796875 0.0484375
0 0.71171875 0.5484375 0.02421875 0.04140625
0 0.78125 0.390625 0.02421875 0.053125
0 0.79765625 0.5171875 0.02265625 0.05
0 0.76640625 0.1 0.02890625 0.0453125
0 0.79296875 0.57578125 0.025 0.0578125
0 0.80546875 0.4125 0.02578125 0.05234375
0 0.13515625 0.84921875 0.0203125 0.04765625
0 0.15546875 0.79296875 0.0265625 0.04375
0 0.1515625 0.546875 0.01640625 0.04296875
0 0.17265625 0.5125 0.028125 0.03359375
0 0.14453125 0.43046875 0.01796875 0.046875
0 0.80859375 0.12890625 0.01640625 0.0484375
0 0.81015625 0.0796875 0.01796875 0.04296875
0 0.77578125 0.52734375 0.015625 0.05234375
0 0.746875 0.534375 0.02734375 0.04296875
0 0.81171875 0.825 0.01875 0.053125
0 0.7390625 0.43984375 0.02265625 0.05234375