1 0.45703125 0.4765625 0.16796875 0.18359375
0 0.63828125 0.4015625 0.046875 0.06484375
0 0.10546875 0.70078125 0.040625 0.06171875
0 0.3953125 0.834375 0.0359375 0.0671875
0 0.459375 0.74296875 0.0484375 0.04765625
0 0.5671875 0.78359375 0.02734375 0.0703125
0 0.77265625 0.7171875 0.04140625 0.04140625
0 0.79296875 0.62109375 0.0296875 0.07109375
0 0.67265625 0.56953125 0.04609375 0.05546875
0 0.58046875 0.45625 0.03203125 0.08671875
0 0.68359375 0.1859375 0.03984375 0.09140625
0 0.83359375 0.2703125 0.05 0.05703125
0 0.94921875 0.16484375 0.04609375 0.05546875
0 0.86328125 0.02734375 0.05625 0.0546875
0 0.9078125 0.653125 0.028125 0.06875
0 0.8984375 0.7453125 0.02109375 0.08359375
0 0.88125 0.8703125 0.03515625 0.065625
0 0.91875 0.959375 0.034375 0.06484375
0 0.90546875 0.9375 0.0328125 0.08125
0 0.83046875 0.88125 0.046875 0.05234375
0 0.7703125 0.92890625 0.0421875 0.04609375
0 0.79765625 0.95390625 0.04140625 0.059375
0 0.684375 0.8078125 0.0484375 0.04453125
0 0.68984375 0.88828125 0.03203125 0.0703125
0 0.61015625 0.89609375 0.03984375 0.05859375
0 0.06875 0.77578125 0.03203125 0.06875
0 0.19375 0.959375 0.0359375 0.0359375