1 0.29375 0.31796875 0.10546875 0.18203125
0 0.2421875 0.70078125 0.03515625 0.0296875
0 0.2703125 0.61796875 0.03203125 0.03203125
0 0.3046875 0.6078125 0.03125 0.0421875
0 0.37890625 0.6046875 0.034375 0.0359375
0 0.50234375 0.54453125 0.034375 0.03671875
0 0.55390625 0.58671875 0.03515625 0.040625
0 0.10234375 0.646875 0.0296875 0.0390625
0 0.68984375 0.02734375 0.02578125 0.0515625
0 0.71015625 0.0984375 0.0359375 0.04296875
0 0.65625 0.178125 0.03671875 0.05
0 0.7078125 0.2015625 0.03828125 0.0375
0 0.74296875 0.1484375 0.02109375 0.05234375
0 0.67578125 0.28984375 0.03671875 0.0453125
0 0.5390625 0.37421875 0.03046875 0.04453125
0 0.59375 0.375 0.03359375 0.0375
0 0.6359375 0.365625 0.034375 0.040625
0 0.62421875 0.42421875 0.03046875 0.03125
0 0.69140625 0.37109375 0.03359375 0.040625
0 0.728125 0.371875 0.01953125 0.0453125
0 0.7109375 0.4578125 0.0328125 0.03984375
0 0.73984375 0.86796875 0.02265625 0.04765625
0 0.75234375 0.80859375 0.02734375 0.04921875
0 0.7296875 0.69453125 0.02578125 0.05
0 0.76953125 0.76171875 0.01484375 0.046875