0 0.22265625 0.8046875 0.01640625 0.0421875
0 0.3078125 0.7859375 0.02421875 0.04921875
0 0.378125 0.740625 0.02578125 0.0375
0 0.42421875 0.74765625 0.0265625 0.02734375
0 0.29296875 0.875 0.0265625 0.03828125
0 0.221875 0.7578125 0.0125 0.03828125
0 0.15625 0.73203125 0.02265625 0.04453125
0 0.15390625 0.684375 0.01875 0.03671875
0 0.16796875 0.70078125 0.021875 0.03515625
0 0.18125 0.440625 0.025 0.0640625
0 0.190625 0.38359375 0.02109375 0.0375
0 0.1390625 0.60546875 0.0171875 0.0265625
0 0.1765625 0.14609375 0.02109375 0.05859375
0 0.8109375 0.80625 0.02890625 0.03984375
0 0.828125 0.86328125 0.02265625 0.03046875
0 0.83671875 0.83828125 0.0171875 0.034375
0 0.8234375 0.9796875 0.01875 0.040625
0 0.79375 0.75390625 0.02421875 0.02109375
0 0.7140625 0.7515625 0.03125 0.03515625
0 0.70859375 0.70546875 0.028125 0.040625
0 0.5875 0.5921875 0.01875 0.04375
0 0.5609375 0.6859375 0.02265625 0.03984375
0 0.5125 0.69609375 0.03125 0.0484375
0 0.63515625 0.53125 0.03046875 0.04140625
0 0.68984375 0.49296875 0.0296875 0.0359375
0 0.73203125 0.51328125 0.01953125 0.05078125
0 0.77265625 0.51171875 0.025 0.04140625
0 0.8453125 0.5640625 0.025 0.04140625
0 0.84609375 0.50859375 0.028125 0.04375
0 0.8625 0.546875 0.015625 0.025
0 0.75390625 0.5484375 0.028125 0.03125
0 0.8 0.546875 0.02734375 0.034375
0 0.8046875 0.60546875 0.02265625 0.025
0 0.66640625 0.67109375 0.021875 0.03671875
0 0.66015625 0.59453125 0.025 0.03671875
0 0.69296875 0.6578125 0.01875 0.04296875
0 0.6796875 0.61796875 0.0265625 0.03125
1 0.3734375 0.56796875 0.08203125 0.19296875
0 0.803125 0.2890625 0.03125 0.04140625
0 0.778125 0.178125 0.0265625 0.03984375