1 0.390625 0.61796875 0.0765625 0.13046875
0 0.23125 0.43046875 0.0265625 0.04921875
0 0.2 0.1984375 0.01953125 0.06484375
0 0.184375 0.76796875 0.0234375 0.04609375
0 0.2359375 0.8421875 0.021875 0.03125
0 0.2421875 0.803125 0.015625 0.05234375
0 0.3484375 0.8359375 0.025 0.05234375
0 0.40078125 0.7671875 0.03203125 0.04765625
0 0.3328125 0.92265625 0.0265625 0.0375
0 0.5421875 0.7375 0.028125 0.04140625
0 0.56875 0.71484375 0.0296875 0.0453125
0 0.6046875 0.61796875 0.03125 0.03515625
0 0.69453125 0.5328125 0.03359375 0.040625
0 0.7421875 0.57890625 0.02109375 0.0453125
0 0.69765625 0.64921875 0.0234375 0.05390625
0 0.66015625 0.578125 0.0296875 0.03046875
0 0.68046875 0.7 0.02421875 0.03984375
0 0.7046875 0.68828125 0.021875 0.0453125
0 0.71953125 0.7828125 0.02578125 0.03671875
0 0.7375 0.75 0.021875 0.05625
0 0.82890625 0.846875 0.02421875 0.04296875
0 0.7828125 0.590625 0.03125 0.03515625
0 0.77890625 0.54453125 0.02578125 0.05
0 0.81796875 0.58984375 0.0328125 0.04609375
0 0.84453125 0.5453125 0.02890625 0.0421875
0 0.853125 0.57734375 0.03203125 0.03125
0 0.83359375 0.90703125 0.02265625 0.05
0 0.84453125 0.8828125 0.03125 0.040625
0 0.7875 0.2140625 0.02578125 0.05
0 0.815625 0.3234375 0.034375 0.03984375