1 0.53515625 0.67421875 0.06875 0.0921875
1 0.47421875 0.60390625 0.075 0.06015625
1 0.5296875 0.55078125 0.0328125 0.103125
1 0.5828125 0.553125 0.0421875 0.09453125
1 0.65703125 0.52578125 0.05 0.084375
1 0.40234375 0.5328125 0.05625 0.0921875
1 0.41328125 0.3 0.0546875 0.09375
1 0.52734375 0.25390625 0.06484375 0.1171875
1 0.52890625 0.1046875 0.04765625 0.13828125
1 0.6515625 0.153125 0.0453125 0.1
1 0.7296875 0.09375 0.03359375 0.13828125
1 0.71875 0.2046875 0.03125 0.09921875
1 0.678125 0.42578125 0.0265625 0.10078125
1 0.65 0.44921875 0.03984375 0.07109375
1 0.5625 0.37421875 0.03203125 0.09140625
1 0.5140625 0.47421875 0.02890625 0.065625
1 0.51328125 0.39140625 0.04453125 0.10546875
1 0.48671875 0.5234375 0.06015625 0.065625
1 0.553125 0.48203125 0.071875 0.046875
1 0.6078125 0.51796875 0.05078125 0.0890625
1 0.590625 0.1546875 0.078125 0.15390625
1 0.59765625 0.26484375 0.059375 0.09375
1 0.659375 0.2609375 0.03046875 0.096875