0 0.86484375 0.9703125 0.0234375 0.05859375
0 0.90703125 0.878125 0.03828125 0.065625
0 0.86640625 0.896875 0.0359375 0.0578125
0 0.83671875 0.9046875 0.0375 0.03515625
0 0.784375 0.9 0.0421875 0.04375
0 0.67265625 0.9015625 0.034375 0.05546875
0 0.5796875 0.91796875 0.03125 0.02265625
0 0.63671875 0.79921875 0.0265625 0.05546875
0 0.49296875 0.7640625 0.0421875 0.03984375
0 0.7640625 0.82265625 0.0265625 0.0703125
0 0.8390625 0.83515625 0.03828125 0.0484375
0 0.9125 0.60703125 0.04140625 0.07578125
0 0.8921875 0.746875 0.01796875 0.0625
0 0.9 0.80390625 0.021875 0.04296875
0 0.83671875 0.6640625 0.0265625 0.046875
0 0.8671875 0.6171875 0.02265625 0.0625
0 0.78125 0.6609375 0.0421875 0.03828125
0 0.771875 0.7359375 0.03671875 0.0421875
0 0.72421875 0.60625 0.0328125 0.053125
0 0.73984375 0.57890625 0.0390625 0.04296875
0 0.7421875 0.54296875 0.0359375 0.03671875
0 0.6578125 0.4703125 0.0453125 0.0515625
0 0.72734375 0.27265625 0.04765625 0.0765625
0 0.88984375 0.24609375 0.03828125 0.06796875
0 0.840625 0.50703125 0.04609375 0.04765625
0 0.09453125 0.59609375 0.04375 0.059375
0 0.04140625 0.24453125 0.03203125 0.06953125
1 0.44296875 0.42890625 0.16171875 0.1921875