1 0.61953125 0.65859375 0.046875 0.0671875
1 0.6390625 0.5125 0.04375 0.05859375
1 0.52578125 0.66484375 0.034375 0.06796875
1 0.54140625 0.6296875 0.0328125 0.07265625
1 0.584375 0.5234375 0.03515625 0.04921875
1 0.57421875 0.55625 0.0328125 0.06328125
1 0.546875 0.53359375 0.02890625 0.04296875
1 0.53984375 0.56328125 0.02578125 0.046875
1 0.48359375 0.43359375 0.03125 0.06015625
1 0.5375 0.43515625 0.02734375 0.0640625
1 0.60234375 0.43984375 0.02578125 0.06875
1 0.63046875 0.44140625 0.046875 0.0640625
1 0.70625 0.41328125 0.0453125 0.065625
1 0.72734375 0.44140625 0.04609375 0.06015625
1 0.74140625 0.3671875 0.04453125 0.06171875
1 0.54921875 0.503125 0.03203125 0.046875
1 0.58515625 0.4796875 0.02109375 0.06328125
1 0.57109375 0.43046875 0.03125 0.04765625
1 0.5078125 0.55390625 0.0296875 0.06171875
1 0.521875 0.4703125 0.02109375 0.0484375
1 0.7984375 0.54921875 0.04609375 0.07421875
1 0.9421875 0.5546875 0.053125 0.075
1 0.91953125 0.453125 0.05625 0.0390625
1 0.91875 0.4921875 0.065625 0.0484375
1 0.6046875 0.86328125 0.04453125 0.07578125
1 0.8140625 0.78671875 0.0640625 0.0859375
1 0.55546875 0.58203125 0.0296875 0.059375