0 0.84921875 0.93984375 0.02890625 0.05703125
0 0.86953125 0.7515625 0.0265625 0.0671875
0 0.825 0.74765625 0.04375 0.0640625
0 0.8578125 0.56640625 0.04296875 0.0703125
0 0.7578125 0.58515625 0.0359375 0.05390625
0 0.7921875 0.57265625 0.02578125 0.0734375
0 0.778125 0.66171875 0.03671875 0.05390625
0 0.78359375 0.84296875 0.0328125 0.0734375
0 0.62421875 0.59375 0.03515625 0.06484375
0 0.51484375 0.5171875 0.034375 0.065625
0 0.54140625 0.6765625 0.0390625 0.071875
0 0.58828125 0.65078125 0.04140625 0.04765625
0 0.8921875 0.46015625 0.025 0.053125
0 0.87265625 0.5046875 0.028125 0.06640625
0 0.8515625 0.48828125 0.02421875 0.06640625
0 0.8125 0.5 0.02890625 0.0765625
0 0.78828125 0.4515625 0.03671875 0.07734375
0 0.74921875 0.49609375 0.02421875 0.0546875
0 0.75390625 0.35546875 0.0296875 0.059375
0 0.7890625 0.3390625 0.03984375 0.0546875
0 0.82265625 0.28515625 0.03359375 0.059375
0 0.8546875 0.290625 0.01953125 0.03671875
0 0.76640625 0.17890625 0.0453125 0.05546875
0 0.81796875 0.4140625 0.03046875 0.0640625
0 0.83359375 0.4546875 0.03359375 0.078125
0 0.765625 0.69140625 0.04453125 0.04609375
0 0.6578125 0.76875 0.04453125 0.0515625
0 0.27265625 0.09296875 0.04765625 0.078125
0 0.3265625 0.26640625 0.05078125 0.06015625
0 0.10625 0.04140625 0.0484375 0.0609375
0 0.03828125 0.01953125 0.0484375 0.0390625
0 0.0578125 0.44921875 0.0421875 0.07109375
0 0.05859375 0.765625 0.03125 0.05546875
1 0.465625 0.7328125 0.13046875 0.23203125
0 0.46171875 0.43359375 0.04296875 0.0421875