1 0.5109375 0.55546875 0.134375 0.26484375
0 0.75 0.515625 0.0328125 0.075
0 0.7234375 0.79375 0.04140625 0.0625
0 0.3484375 0.84140625 0.04296875 0.06484375
0 0.38828125 0.77578125 0.04765625 0.059375
0 0.28671875 0.7484375 0.0328125 0.078125
0 0.32109375 0.76640625 0.05 0.0484375
0 0.24375 0.7609375 0.03203125 0.07734375
0 0.18359375 0.7390625 0.0453125 0.05234375
0 0.0921875 0.85625 0.04375 0.03671875
0 0.21171875 0.81640625 0.034375 0.05546875
0 0.1875 0.54921875 0.04375 0.04765625
0 0.22421875 0.5984375 0.040625 0.0703125
0 0.18515625 0.61953125 0.04453125 0.071875
0 0.04296875 0.4921875 0.04765625 0.05546875
0 0.165625 0.47578125 0.0421875 0.05703125
0 0.12109375 0.5046875 0.05234375 0.0640625
0 0.05390625 0.553125 0.04609375 0.07578125
0 0.1296875 0.5828125 0.04140625 0.06328125
0 0.12265625 0.6796875 0.0515625 0.053125
0 0.059375 0.6703125 0.04609375 0.0546875
0 0.05703125 0.72109375 0.04375 0.04375
0 0.10625 0.7375 0.0515625 0.0421875
0 0.0796875 0.6125 0.04453125 0.06015625
0 0.09140625 0.5515625 0.03046875 0.05703125
0 0.25703125 0.4171875 0.0375 0.053125
0 0.234375 0.3796875 0.04375 0.053125
0 0.23984375 0.33203125 0.05859375 0.0546875
0 0.1828125 0.38828125 0.053125 0.0546875
0 0.13359375 0.36953125 0.04765625 0.0546875
0 0.11328125 0.39609375 0.04296875 0.059375
0 0.01796875 0.3734375 0.0359375 0.0515625
0 0.05703125 0.24609375 0.03984375 0.08046875
0 0.1328125 0.21875 0.0375 0.06015625
0 0.16875 0.10546875 0.05234375 0.08046875
0 0.11171875 0.05546875 0.04375 0.0859375
0 0.1875 0.18671875 0.0359375 0.07421875
0 0.21171875 0.25390625 0.04921875 0.0484375
0 0.15390625 0.28203125 0.040625 0.05625
0 0.15390625 0.33515625 0.059375 0.04921875
0 0.45546875 0.284375 0.05 0.0703125