1 0.54921875 0.08515625 0.1265625 0.1703125
1 0.625 0.3859375 0.11328125 0.17109375
1 0.53984375 0.87734375 0.12578125 0.21015625
1 0.4421875 0.74296875 0.07578125 0.20234375
1 0.50859375 0.61484375 0.09140625 0.18671875
1 0.5859375 0.78359375 0.09609375 0.18125
1 0.590625 0.55234375 0.1125 0.1734375
1 0.63671875 0.61875 0.08671875 0.15234375
1 0.74296875 0.65234375 0.12578125 0.1796875
1 0.7140625 0.53828125 0.1328125 0.175
1 0.50234375 0.37421875 0.1046875 0.13828125
1 0.34765625 0.271875 0.10703125 0.13515625
1 0.47265625 0.4671875 0.08984375 0.14921875
1 0.2453125 0.3671875 0.09609375 0.18203125
1 0.18515625 0.53828125 0.0734375 0.21015625
1 0.315625 0.73125 0.06171875 0.16484375
1 0.2515625 0.5140625 0.08671875 0.1546875
1 0.34375 0.45703125 0.07265625 0.15234375
1 0.40390625 0.66328125 0.07265625 0.159375
1 0.659375 0.73828125 0.1046875 0.19296875
1 0.24453125 0.7578125 0.078125 0.18828125
1 0.40859375 0.43515625 0.096875 0.08671875