0 0.259375 0.0203125 0.0203125 0.03984375
0 0.3984375 0.10390625 0.01875 0.0390625
0 0.3515625 0.178125 0.02890625 0.03125
0 0.40859375 0.40390625 0.02109375 0.03828125
0 0.56015625 0.409375 0.01953125 0.034375
0 0.584375 0.3109375 0.01953125 0.0328125
0 0.60625 0.30390625 0.02421875 0.03125
0 0.1796875 0.51875 0.0265625 0.02734375
0 0.2125 0.6546875 0.01875 0.03828125
0 0.21015625 0.696875 0.025 0.03046875
0 0.203125 0.74453125 0.02265625 0.034375
0 0.215625 0.778125 0.01640625 0.03125
0 0.196875 0.828125 0.01328125 0.03125
0 0.28359375 0.9765625 0.02109375 0.02578125
0 0.42578125 0.9578125 0.01875 0.02265625
0 0.65703125 0.7828125 0.01484375 0.03203125
0 0.64921875 0.7171875 0.01875 0.03203125
0 0.65625 0.83984375 0.01328125 0.034375
0 0.6296875 0.62421875 0.0171875 0.0375
0 0.54609375 0.6421875 0.01875 0.04453125
0 0.571875 0.65703125 0.02265625 0.02890625
0 0.6515625 0.54140625 0.015625 0.03671875
0 0.678125 0.5453125 0.01640625 0.03359375
0 0.6515625 0.4875 0.0171875 0.0421875
0 0.57109375 0.51796875 0.01328125 0.0390625
0 0.60078125 0.4234375 0.0203125 0.034375
0 0.51015625 0.5234375 0.0203125 0.02578125
0 0.68984375 0.47578125 0.01796875 0.021875
0 0.68828125 0.496875 0.0203125 0.021875
0 0.6546875 0.28515625 0.0203125 0.0359375
0 0.67421875 0.25234375 0.021875 0.0234375
0 0.6765625 0.2765625 0.015625 0.0296875
1 0.46143829687500004 0.6307934484375 0.48020288437499997 0.48219306875 0.3923504921875 0.46096444375 0.39492906875 0.599551165625 0.46143829687500004 0.6307934484375